0
0
510
-55 13.4904212662
-54 10.0750375879
-53 6.4732526516
-52 3.7850945742
-51 2.5556549207
-50 2.5772342739
-49 3.0396214417
-48 2.9537845689
-47 1.6514519126
-46 -0.870349528
-45 -3.9198513919
-44 -6.4128113058
-43 -7.3713904303
-42 -6.3928144566
-41 -3.8710209116
-40 -0.8627551336
-39 1.3514917633
-38 1.8224163893
-37 0.3570874679
-36 -2.3786250384
-35 -5.1336802585
-34 -6.6089727214
-33 -6.0265746188
-32 -3.4814912103
-31 0.0819925666
-30 3.2646287754
-29 4.8096348543
-28 4.1444444034
-27 1.6292916705
-26 -1.5991458052
-25 -4.1248097636
-24 -4.8761987232
-23 -3.6059683783
-22 -1.0156881629
-21 1.5316717252
-20 2.5898715697
-19 1.2496119473
-18 -2.466669374
-17 -7.6052075054
-16 -12.6743767042
-15 -16.2580227402
-14 -17.5803757645
-13 -16.7770345297
-12 -14.7573741918
-11 -12.725237033
-10 -11.5769037742
-9 -11.4506918427
-8 -11.6360783229
-7 -10.8906902556
-6 -8.0308856447
-5 -2.5366732117
-4 5.0998334464
-3 13.4453232943
-2 20.5977723218
-1 24.8683657717
0 25.3894043576
1 22.3968342607
2 17.0774983677
3 11.0595479187
4 5.7763176843
5 1.9821593342
6 -0.3776775859
7 -1.9070510134
8 -3.2528912758
9 -4.6092238922
10 -5.4795600758
11 -4.8211593924
12 -1.5097372322
13 5.0959690789
14 14.7677789038
15 26.4028688902
16 38.4260548442
17 49.4267603858
18 58.730502294
19 66.6142123163
20 74.0257747298
21 81.8994458664
22 90.3673471864
23 98.2531409289
24 103.1465824019
25 102.1217873045
26 92.8722705314
27 74.8185738021
28 49.7036221126
29 21.3604238492
30 -5.3404314558
31 -26.0084244683
32 -38.1376322391
33 -41.8270698217
34 -39.4973611385
35 -34.6895930815
36 -30.4280675612
37 -27.8442541488
38 -25.6887695386
39 -21.01045619
40 -10.7841987148
41 6.1771936237
42 27.8921619635
43 49.1735414937
44 63.1254695326
45 63.7869236336
46 48.9976065317
47 22.3411500582
48 -6.7662718639
49 -25.1723879355
50 -19.8117439684
51 17.893446728
52 88.5271019829
53 183.3544489652
54 285.8081599404
55 375.5003389723
56 433.6182949569
57 448.0662010059
58 416.7605870794
59 348.0658968159
60 258.2703016448
61 166.9381065671
62 91.6159592246
63 43.5071428501
64 25.3332653266
65 31.8323728557
66 52.4764550476
67 75.3277070464
68 90.7022234534
69 93.5249068029
70 83.8264687842
71 65.5238042706
72 44.1855868009
73 24.7314148622
74 9.8913350904
75 -0.1516805855
76 -7.0199730064
77 -12.7917105705
78 -18.7019490603
79 -24.4416052879
80 -28.287287041
81 -27.9227150803
82 -21.5365350013
83 -8.7027364224
84 9.3184841516
85 29.9525708348
86 50.1638553715
87 67.4167553522
88 80.3578950807
89 88.9789162581
90 94.2534621052
91 97.4588375193
92 99.5043082649
93 100.5554538181
94 100.0917624722
95 97.3354094535
96 91.8303143654
97 83.8968023346
98 74.7547487013
99 66.2609785608
100 60.3749691612
101 58.578123451
102 61.481832326
103 68.7693576894
104 79.4698120984
105 92.4244993854
106 106.7348826293
107 122.0043102898
108 138.2879074105
109 155.7990593015
110 174.5275831184
111 193.9591239312
112 213.0353744181
113 230.3848114794
114 244.7329261985
115 255.3214815548
116 262.1609867163
117 266.009700345
118 268.0850128911
119 269.6207516504
120 271.4422532255
121 273.7176450411
122 275.9670517992
123 277.3057028632
124 276.806961597
125 273.833237079
126 268.2092884736
127 260.1886839796
128 250.2551751939
129 238.8671870056
130 226.2686822317
131 212.4498179511
132 197.2662964056
133 180.65142039
134 162.8126364563
135 144.3123858381
136 125.9864604187
137 108.7271729755
138 93.2204135978
139 79.7480444661
140 68.1406410672
141 57.9021720163
142 48.4554605354
143 39.4064729179
144 30.7181239004
145 22.7230797938
146 15.973065603
147 10.9904187426
148 8.0274228016
149 6.9340831526
150 7.188279491
151 8.0739273087
152 8.9317949563
153 9.3791906336
154 9.4099642051
155 9.3378293539
156 9.6116189661
157 10.5831580157
158 12.3257154563
159 14.577237856
160 16.8287522547
161 18.5176215412
162 19.2431187692
163 18.9150152292
164 17.7762704092
165 16.2946819247
166 14.9724148408
167 14.1542130482
168 13.9123088854
169 14.0509845781
170 14.2222028102
171 14.0978695785
172 13.523120539
173 12.5864872626
174 11.5808204217
175 10.8763335874
176 10.763584496
177 11.334537397
178 12.4506210134
179 13.8072477606
180 15.0623044092
181 15.9698916404
182 16.4609478284
183 16.6383414854
184 16.693423394
185 16.7861712088
186 16.9464871628
187 17.0434699553
188 16.8377929294
189 16.094094954
190 14.702657392
191 12.7548514472
192 10.5368997426
193 8.4423603125
194 6.8394018192
195 5.9485635584
196 5.7816567608
197 6.1651538621
198 6.8341379037
199 7.5523586821
200 8.2038008909
201 8.8158460267
202 9.5068172707
203 10.3864436042
204 11.4601117586
205 12.5862483808
206 13.5112022654
207 13.968833918
208 13.7998156142
209 13.0336917969
210 11.8913897533
211 10.7012985552
212 9.7625580468
213 9.216102532
214 8.9840408457
215 8.8096788221
216 8.3854531325
217 7.5141214665
218 6.2292649378
219 4.8147516135
220 3.7051102039
221 3.3022949597
222 3.7854909111
223 4.9999967749
224 6.4825491586
225 7.6241061406
226 7.9104322091
227 7.1424353411
228 5.5403655477
229 3.680092181
230 2.2787795127
231 1.912591983
232 2.7820090582
233 4.6250686684
234 6.8197846121
235 8.637735925
236 9.5448327591
237 9.421607209
238 8.6059627219
239 7.7349881157
240 7.4489157803
241 8.0825721076
242 9.4798262029
243 11.018255172
244 11.8433032358
245 11.2202995875
246 8.8581046438
247 5.0648021865
248 0.6629807452
249 -3.3072616816
250 -5.9778254116
251 -6.9721271712
252 -6.5182926019
253 -5.3055104139
254 -4.143088116
255 -3.5689934731
256 -3.5805386259
257 -3.6113058884
258 -2.7743231869
259 -0.2754602937
260 4.1769295483
261 10.1450594697
262 16.5242218816
263 21.8814919164
264 24.940191933
265 25.0161025817
266 22.229858565
267 17.4137309825
268 11.7603070231
269 6.3693826422
270 1.8897274007
271 -1.5941789577
272 -4.393849962
273 -6.8604663307
274 -9.0218795412
275 -10.3987532087
276 -10.1026375893
277 -7.1843516623
278 -1.0764163375
279 8.0823037829
280 19.4082585933
281 31.5622603897
282 43.2506843929
283 53.7107186865
284 62.9392597647
285 71.5276146059
286 80.143317474
287 88.878837379
288 96.7809126818
289 101.831191481
290 101.4742299644
291 93.5486955864
292 77.2739009873
293 53.8720415418
294 26.5123715236
295 -0.4818742316
296 -22.9169766893
297 -38.0270882109
298 -45.2670261242
299 -46.253946205
300 -43.8504011011
301 -40.7502286653
302 -38.1711578735
303 -35.257288246
304 -29.5284520122
305 -18.2719413376
306 -0.3290163334
307 22.5247076981
308 45.3399855795
309 61.2379384081
310 63.8880442774
311 50.4043294151
312 23.5379119243
313 -7.8485515462
314 -30.5161439913
315 -30.5101249931
316 2.2937225125
317 70.2405205504
318 165.9712801502
319 273.3709197712
320 371.3200007248
321 439.2309442842
322 462.7052130568
323 437.5479228429
324 370.8706457159
325 278.9407924811
326 182.480208313
327 100.9173401826
328 47.384414709
329 25.935730699
330 31.6711035025
331 53.4694244474
332 78.2164930618
333 95.023416129
334 98.0845847
335 87.426561251
336 67.604532206
337 45.1078206409
338 25.5950548457
339 11.9932179561
340 4.0364044695
341 -0.803274702
342 -5.5760462655
343 -12.1398849684
344 -20.198909906
345 -27.4351605572
346 -30.5848911518
347 -26.925774794
348 -15.5092928518
349 2.3724970468
350 23.640137173
351 44.5585615302
352 62.0389419991
353 74.5664104627
354 82.4053698763
355 87.0642599174
356 90.3179899013
357 93.2550218729
358 95.7735448948
359 96.7270466483
360 94.619781374
361 88.5104861647
362 78.7006824394
363 66.8910302055
364 55.7316120037
365 47.9594228947
366 45.4916863992
367 48.8538384093
368 57.1670432087
369 68.673931355
370 81.5524916859
371 94.6552959277
372 107.8596904178
373 121.8981012845
374 137.7720996169
375 156.0355387009
376 176.2829919953
377 197.0810665583
378 216.3788578118
379 232.2204040415
380 243.4501647301
381 250.1081786302
382 253.3492946949
383 254.9278503938
384 256.4737626743
385 258.8684171757
386 261.9756249502
387 264.820849827
388 266.1144821586
389 264.8694927745
390 260.8328584583
391 254.5444482204
392 247.0118676327
393 239.1656247519
394 231.35740419
395 223.1423406511
396 213.4551693577
397 201.109610629
398 185.401392531
399 166.5443578894
400 145.7386736766
401 124.8293036256
402 105.6912412108
403 89.5970409854
404 76.8299361582
405 66.6994428936
406 57.9429929555
407 49.332878396
408 40.2240123523
409 30.8101631064
410 21.988767607
411 14.9078451783
412 10.406386638
413 8.6019465799
414 8.8088065852
415 9.8196212043
416 10.4204514305
417 9.9058684362
418 8.3625327105
419 6.5946029413
420 5.7250669058
421 6.651796322
422 9.6015763989
423 13.9812991301
424 18.5929820317
425 22.1174944351
426 23.652805565
427 23.0689779146
428 21.0242547814
429 18.6377235642
430 16.9669013633
431 16.5252252156
432 17.0563201843
433 17.6670500418
434 17.2606701382
435 15.0762449546
436 11.0910282894
437 6.1010664595
438 1.4364334296
439 -1.570822334
440 -2.1370984188
441 -0.3562695602
442 2.8379856406
443 6.0631950109
444 8.0655208746
445 8.2355139858
446 6.8408998204
447 4.8781815895
448 3.6103723467
449 3.9938218717
450 6.2437940839
451 9.7261941847
452 13.2194119759
453 15.4288229148
454 15.5278086786
